2.379999999999999893e+00 2.175000000000000000e+01 0.000000000000000000e+00
2.379999999999999893e+00 2.185000000000000142e+01 1.474023229741317691e-04
2.379999999999999893e+00 2.194999999999999929e+01 1.809237725073449413e-03
2.379999999999999893e+00 2.205000000000000071e+01 1.389940222323657847e-02
2.379999999999999893e+00 2.214999999999999858e+01 6.984001365078701395e-02
2.379999999999999893e+00 2.225000000000000000e+01 2.327924752442417644e-01
2.379999999999999893e+00 2.235000000000000142e+01 5.267313194605303117e-01
2.379999999999999893e+00 2.244999999999999929e+01 8.413249399763434999e-01
2.379999999999999893e+00 2.255000000000000071e+01 1.016721197177191671e+00
2.379999999999999893e+00 2.264999999999999858e+01 1.047995339685395377e+00
2.379999999999999893e+00 2.275000000000000000e+01 1.101707769325312780e+00
2.379999999999999893e+00 2.285000000000000142e+01 1.341051356868699473e+00
2.379999999999999893e+00 2.294999999999999929e+01 1.764835819466721745e+00
2.379999999999999893e+00 2.305000000000000071e+01 2.253681849252834546e+00
2.379999999999999893e+00 2.314999999999999858e+01 2.747141162949048088e+00
2.379999999999999893e+00 2.325000000000000000e+01 3.263805474952139019e+00
2.379999999999999893e+00 2.335000000000000142e+01 3.866683403529910024e+00
2.379999999999999893e+00 2.344999999999999929e+01 4.669732383051590219e+00
2.379999999999999893e+00 2.355000000000000071e+01 5.796124241964573542e+00
2.379999999999999893e+00 2.364999999999999858e+01 7.312409162868952706e+00
2.379999999999999893e+00 2.375000000000000000e+01 9.074520057310296650e+00
2.379999999999999893e+00 2.385000000000000142e+01 1.065716383152722990e+01
2.379999999999999893e+00 2.394999999999999929e+01 1.154717197150141317e+01
2.379999999999999893e+00 2.405000000000000071e+01 1.141014995915054975e+01
2.379999999999999893e+00 2.414999999999999858e+01 1.034313639608826740e+01
2.379999999999999893e+00 2.425000000000000000e+01 8.760882166060055098e+00
2.379999999999999893e+00 2.435000000000000142e+01 0.000000000000000000e+00
2.379999999999999893e+00 2.444999999999999929e+01 0.000000000000000000e+00
2.379999999999999893e+00 2.455000000000000071e+01 0.000000000000000000e+00
2.379999999999999893e+00 2.464999999999999858e+01 0.000000000000000000e+00
2.379999999999999893e+00 2.475000000000000000e+01 0.000000000000000000e+00
2.379999999999999893e+00 2.485000000000000142e+01 0.000000000000000000e+00
2.379999999999999893e+00 2.494999999999999929e+01 0.000000000000000000e+00
2.379999999999999893e+00 2.505000000000000071e+01 0.000000000000000000e+00
2.379999999999999893e+00 2.514999999999999858e+01 0.000000000000000000e+00
2.379999999999999893e+00 2.525000000000000000e+01 0.000000000000000000e+00
2.379999999999999893e+00 2.535000000000000142e+01 0.000000000000000000e+00
2.379999999999999893e+00 2.544999999999999929e+01 0.000000000000000000e+00
2.379999999999999893e+00 2.555000000000000071e+01 0.000000000000000000e+00
2.379999999999999893e+00 2.564999999999999858e+01 0.000000000000000000e+00
2.379999999999999893e+00 2.575000000000000000e+01 0.000000000000000000e+00
2.379999999999999893e+00 2.585000000000000142e+01 0.000000000000000000e+00
2.379999999999999893e+00 2.594999999999999929e+01 0.000000000000000000e+00
2.379999999999999893e+00 2.605000000000000071e+01 0.000000000000000000e+00
2.379999999999999893e+00 2.614999999999999858e+01 0.000000000000000000e+00
2.379999999999999893e+00 2.625000000000000000e+01 0.000000000000000000e+00
2.379999999999999893e+00 2.635000000000000142e+01 0.000000000000000000e+00
2.379999999999999893e+00 2.644999999999999929e+01 0.000000000000000000e+00
2.379999999999999893e+00 2.655000000000000071e+01 0.000000000000000000e+00
2.379999999999999893e+00 2.664999999999999858e+01 0.000000000000000000e+00
2.379999999999999893e+00 2.675000000000000000e+01 0.000000000000000000e+00
2.600000000000000089e+00 2.175000000000000000e+01 1.237019953117532017e-01
2.600000000000000089e+00 2.185000000000000142e+01 8.345564451277144580e-02
2.600000000000000089e+00 2.194999999999999929e+01 3.995148769701398206e-02
2.600000000000000089e+00 2.205000000000000071e+01 2.923161465953458271e-02
2.600000000000000089e+00 2.214999999999999858e+01 8.841607779664120703e-02
2.600000000000000089e+00 2.225000000000000000e+01 2.680170019023780936e-01
2.600000000000000089e+00 2.235000000000000142e+01 5.447692439516249596e-01
2.600000000000000089e+00 2.244999999999999929e+01 7.461058526489742215e-01
2.600000000000000089e+00 2.255000000000000071e+01 7.394233501851831258e-01
2.600000000000000089e+00 2.264999999999999858e+01 6.374670975291277797e-01
2.600000000000000089e+00 2.275000000000000000e+01 6.469733911356743139e-01
2.600000000000000089e+00 2.285000000000000142e+01 8.650958380182341978e-01
2.600000000000000089e+00 2.294999999999999929e+01 1.297375670613679421e+00
2.600000000000000089e+00 2.305000000000000071e+01 1.889683049306389417e+00
2.600000000000000089e+00 2.314999999999999858e+01 2.528214978808954960e+00
2.600000000000000089e+00 2.325000000000000000e+01 3.197711499948071801e+00
2.600000000000000089e+00 2.335000000000000142e+01 4.060697022354056607e+00
2.600000000000000089e+00 2.344999999999999929e+01 5.227528659353807505e+00
2.600000000000000089e+00 2.355000000000000071e+01 6.630457734576062023e+00
2.600000000000000089e+00 2.364999999999999858e+01 8.118418691581354096e+00
2.600000000000000089e+00 2.375000000000000000e+01 9.543740712159841877e+00
2.600000000000000089e+00 2.385000000000000142e+01 1.083862282131934585e+01
2.600000000000000089e+00 2.394999999999999929e+01 1.184801443726241921e+01
2.600000000000000089e+00 2.405000000000000071e+01 1.211506688786815999e+01
2.600000000000000089e+00 2.414999999999999858e+01 1.130025747907805922e+01
2.600000000000000089e+00 2.425000000000000000e+01 9.612435093754221782e+00
2.600000000000000089e+00 2.435000000000000142e+01 0.000000000000000000e+00
2.600000000000000089e+00 2.444999999999999929e+01 0.000000000000000000e+00
2.600000000000000089e+00 2.455000000000000071e+01 0.000000000000000000e+00
2.600000000000000089e+00 2.464999999999999858e+01 0.000000000000000000e+00
2.600000000000000089e+00 2.475000000000000000e+01 0.000000000000000000e+00
2.600000000000000089e+00 2.485000000000000142e+01 0.000000000000000000e+00
2.600000000000000089e+00 2.494999999999999929e+01 0.000000000000000000e+00
2.600000000000000089e+00 2.505000000000000071e+01 0.000000000000000000e+00
2.600000000000000089e+00 2.514999999999999858e+01 0.000000000000000000e+00
2.600000000000000089e+00 2.525000000000000000e+01 0.000000000000000000e+00
2.600000000000000089e+00 2.535000000000000142e+01 0.000000000000000000e+00
2.600000000000000089e+00 2.544999999999999929e+01 0.000000000000000000e+00
2.600000000000000089e+00 2.555000000000000071e+01 0.000000000000000000e+00
2.600000000000000089e+00 2.564999999999999858e+01 0.000000000000000000e+00
2.600000000000000089e+00 2.575000000000000000e+01 0.000000000000000000e+00
2.600000000000000089e+00 2.585000000000000142e+01 0.000000000000000000e+00
2.600000000000000089e+00 2.594999999999999929e+01 0.000000000000000000e+00
2.600000000000000089e+00 2.605000000000000071e+01 0.000000000000000000e+00
2.600000000000000089e+00 2.614999999999999858e+01 0.000000000000000000e+00
2.600000000000000089e+00 2.625000000000000000e+01 0.000000000000000000e+00
2.600000000000000089e+00 2.635000000000000142e+01 0.000000000000000000e+00
2.600000000000000089e+00 2.644999999999999929e+01 0.000000000000000000e+00
2.600000000000000089e+00 2.655000000000000071e+01 0.000000000000000000e+00
2.600000000000000089e+00 2.664999999999999858e+01 0.000000000000000000e+00
2.600000000000000089e+00 2.675000000000000000e+01 0.000000000000000000e+00
2.830000000000000071e+00 2.175000000000000000e+01 9.118708169728117913e-06
2.830000000000000071e+00 2.185000000000000142e+01 2.509842464035915897e-04
2.830000000000000071e+00 2.194999999999999929e+01 2.466960491992655630e-03
2.830000000000000071e+00 2.205000000000000071e+01 1.623485756080631295e-02
2.830000000000000071e+00 2.214999999999999858e+01 7.115397435726748820e-02
2.830000000000000071e+00 2.225000000000000000e+01 2.069172004337184734e-01
2.830000000000000071e+00 2.235000000000000142e+01 4.003760824413364894e-01
2.830000000000000071e+00 2.244999999999999929e+01 5.264238979426241194e-01
2.830000000000000071e+00 2.255000000000000071e+01 5.051827772964574415e-01
2.830000000000000071e+00 2.264999999999999858e+01 4.312896175865038595e-01
2.830000000000000071e+00 2.275000000000000000e+01 4.542039292145768625e-01
2.830000000000000071e+00 2.285000000000000142e+01 6.435255585212559248e-01
2.830000000000000071e+00 2.294999999999999929e+01 9.928016168992779278e-01
2.830000000000000071e+00 2.305000000000000071e+01 1.473970162251635241e+00
2.830000000000000071e+00 2.314999999999999858e+01 2.104078836153731924e+00
2.830000000000000071e+00 2.325000000000000000e+01 2.931748901198058199e+00
2.830000000000000071e+00 2.335000000000000142e+01 3.930996046025049484e+00
2.830000000000000071e+00 2.344999999999999929e+01 4.989426136446745375e+00
2.830000000000000071e+00 2.355000000000000071e+01 6.032688407330249802e+00
2.830000000000000071e+00 2.364999999999999858e+01 7.093276790039543478e+00
2.830000000000000071e+00 2.375000000000000000e+01 8.240454952568445179e+00
2.830000000000000071e+00 2.385000000000000142e+01 9.414265934416546244e+00
2.830000000000000071e+00 2.394999999999999929e+01 1.026673953871573808e+01
2.830000000000000071e+00 2.405000000000000071e+01 1.031069116904528471e+01
2.830000000000000071e+00 2.414999999999999858e+01 9.420658897088594941e+00
2.830000000000000071e+00 2.425000000000000000e+01 8.003709319686658219e+00
2.830000000000000071e+00 2.435000000000000142e+01 0.000000000000000000e+00
2.830000000000000071e+00 2.444999999999999929e+01 0.000000000000000000e+00
2.830000000000000071e+00 2.455000000000000071e+01 0.000000000000000000e+00
2.830000000000000071e+00 2.464999999999999858e+01 0.000000000000000000e+00
2.830000000000000071e+00 2.475000000000000000e+01 0.000000000000000000e+00
2.830000000000000071e+00 2.485000000000000142e+01 0.000000000000000000e+00
2.830000000000000071e+00 2.494999999999999929e+01 0.000000000000000000e+00
2.830000000000000071e+00 2.505000000000000071e+01 0.000000000000000000e+00
2.830000000000000071e+00 2.514999999999999858e+01 0.000000000000000000e+00
2.830000000000000071e+00 2.525000000000000000e+01 0.000000000000000000e+00
2.830000000000000071e+00 2.535000000000000142e+01 0.000000000000000000e+00
2.830000000000000071e+00 2.544999999999999929e+01 0.000000000000000000e+00
2.830000000000000071e+00 2.555000000000000071e+01 0.000000000000000000e+00
2.830000000000000071e+00 2.564999999999999858e+01 0.000000000000000000e+00
2.830000000000000071e+00 2.575000000000000000e+01 0.000000000000000000e+00
2.830000000000000071e+00 2.585000000000000142e+01 0.000000000000000000e+00
2.830000000000000071e+00 2.594999999999999929e+01 0.000000000000000000e+00
2.830000000000000071e+00 2.605000000000000071e+01 0.000000000000000000e+00
2.830000000000000071e+00 2.614999999999999858e+01 0.000000000000000000e+00
2.830000000000000071e+00 2.625000000000000000e+01 0.000000000000000000e+00
2.830000000000000071e+00 2.635000000000000142e+01 0.000000000000000000e+00
2.830000000000000071e+00 2.644999999999999929e+01 0.000000000000000000e+00
2.830000000000000071e+00 2.655000000000000071e+01 0.000000000000000000e+00
2.830000000000000071e+00 2.664999999999999858e+01 0.000000000000000000e+00
2.830000000000000071e+00 2.675000000000000000e+01 0.000000000000000000e+00
3.069999999999999840e+00 2.175000000000000000e+01 5.159980117958116574e-06
3.069999999999999840e+00 2.185000000000000142e+01 1.626636896437493995e-04
3.069999999999999840e+00 2.194999999999999929e+01 1.638989491280936272e-03
3.069999999999999840e+00 2.205000000000000071e+01 1.099345945525779383e-02
3.069999999999999840e+00 2.214999999999999858e+01 4.891089103329333831e-02
3.069999999999999840e+00 2.225000000000000000e+01 1.435849482872817717e-01
3.069999999999999840e+00 2.235000000000000142e+01 2.780021138096887001e-01
3.069999999999999840e+00 2.244999999999999929e+01 3.592554174062446704e-01
3.069999999999999840e+00 2.255000000000000071e+01 3.271504238594095670e-01
3.069999999999999840e+00 2.264999999999999858e+01 2.568147032402412488e-01
3.069999999999999840e+00 2.275000000000000000e+01 2.647212270243500254e-01
3.069999999999999840e+00 2.285000000000000142e+01 3.896745798769669089e-01
3.069999999999999840e+00 2.294999999999999929e+01 6.037861336578573823e-01
3.069999999999999840e+00 2.305000000000000071e+01 8.823089004670887636e-01
3.069999999999999840e+00 2.314999999999999858e+01 1.253818237001532720e+00
3.069999999999999840e+00 2.325000000000000000e+01 1.770178683907603912e+00
3.069999999999999840e+00 2.335000000000000142e+01 2.436148786254601184e+00
3.069999999999999840e+00 2.344999999999999929e+01 3.232316827725918440e+00
3.069999999999999840e+00 2.355000000000000071e+01 4.170815997812987064e+00
3.069999999999999840e+00 2.364999999999999858e+01 5.218261855387915205e+00
3.069999999999999840e+00 2.375000000000000000e+01 6.246986756930702711e+00
3.069999999999999840e+00 2.385000000000000142e+01 7.141026724466077447e+00
3.069999999999999840e+00 2.394999999999999929e+01 7.794601290180771969e+00
3.069999999999999840e+00 2.405000000000000071e+01 8.006638411295025293e+00
3.069999999999999840e+00 2.414999999999999858e+01 7.572715776681839372e+00
3.069999999999999840e+00 2.425000000000000000e+01 6.537397707742976571e+00
3.069999999999999840e+00 2.435000000000000142e+01 0.000000000000000000e+00
3.069999999999999840e+00 2.444999999999999929e+01 0.000000000000000000e+00
3.069999999999999840e+00 2.455000000000000071e+01 0.000000000000000000e+00
3.069999999999999840e+00 2.464999999999999858e+01 0.000000000000000000e+00
3.069999999999999840e+00 2.475000000000000000e+01 0.000000000000000000e+00
3.069999999999999840e+00 2.485000000000000142e+01 0.000000000000000000e+00
3.069999999999999840e+00 2.494999999999999929e+01 0.000000000000000000e+00
3.069999999999999840e+00 2.505000000000000071e+01 0.000000000000000000e+00
3.069999999999999840e+00 2.514999999999999858e+01 0.000000000000000000e+00
3.069999999999999840e+00 2.525000000000000000e+01 0.000000000000000000e+00
3.069999999999999840e+00 2.535000000000000142e+01 0.000000000000000000e+00
3.069999999999999840e+00 2.544999999999999929e+01 0.000000000000000000e+00
3.069999999999999840e+00 2.555000000000000071e+01 0.000000000000000000e+00
3.069999999999999840e+00 2.564999999999999858e+01 0.000000000000000000e+00
3.069999999999999840e+00 2.575000000000000000e+01 0.000000000000000000e+00
3.069999999999999840e+00 2.585000000000000142e+01 0.000000000000000000e+00
3.069999999999999840e+00 2.594999999999999929e+01 0.000000000000000000e+00
3.069999999999999840e+00 2.605000000000000071e+01 0.000000000000000000e+00
3.069999999999999840e+00 2.614999999999999858e+01 0.000000000000000000e+00
3.069999999999999840e+00 2.625000000000000000e+01 0.000000000000000000e+00
3.069999999999999840e+00 2.635000000000000142e+01 0.000000000000000000e+00
3.069999999999999840e+00 2.644999999999999929e+01 0.000000000000000000e+00
3.069999999999999840e+00 2.655000000000000071e+01 0.000000000000000000e+00
3.069999999999999840e+00 2.664999999999999858e+01 0.000000000000000000e+00
3.069999999999999840e+00 2.675000000000000000e+01 0.000000000000000000e+00
3.290000000000000036e+00 2.175000000000000000e+01 0.000000000000000000e+00
3.290000000000000036e+00 2.185000000000000142e+01 1.783028288900156001e-04
3.290000000000000036e+00 2.194999999999999929e+01 2.072618076534925996e-03
3.290000000000000036e+00 2.205000000000000071e+01 1.540625157966435052e-02
3.290000000000000036e+00 2.214999999999999858e+01 7.370976352014241284e-02
3.290000000000000036e+00 2.225000000000000000e+01 2.279287806609863742e-01
3.290000000000000036e+00 2.235000000000000142e+01 4.602649570141124635e-01
3.290000000000000036e+00 2.244999999999999929e+01 6.256318043331221546e-01
3.290000000000000036e+00 2.255000000000000071e+01 6.273981351031269194e-01
3.290000000000000036e+00 2.264999999999999858e+01 5.773444661306577075e-01
3.290000000000000036e+00 2.275000000000000000e+01 6.121211732167383124e-01
3.290000000000000036e+00 2.285000000000000142e+01 7.268477804847075507e-01
3.290000000000000036e+00 2.294999999999999929e+01 8.839398778375410215e-01
3.290000000000000036e+00 2.305000000000000071e+01 1.103191719342626609e+00
3.290000000000000036e+00 2.314999999999999858e+01 1.441359083924073303e+00
3.290000000000000036e+00 2.325000000000000000e+01 1.972687087493529390e+00
3.290000000000000036e+00 2.335000000000000142e+01 2.748066558943564441e+00
3.290000000000000036e+00 2.344999999999999929e+01 3.778436813626214974e+00
3.290000000000000036e+00 2.355000000000000071e+01 5.003621777936769099e+00
3.290000000000000036e+00 2.364999999999999858e+01 6.197318173658853624e+00
3.290000000000000036e+00 2.375000000000000000e+01 7.094964389283796358e+00
3.290000000000000036e+00 2.385000000000000142e+01 7.667422633166693480e+00
3.290000000000000036e+00 2.394999999999999929e+01 8.046855930158356429e+00
3.290000000000000036e+00 2.405000000000000071e+01 8.245178564547387623e+00
3.290000000000000036e+00 2.414999999999999858e+01 8.135502143797245012e+00
3.290000000000000036e+00 2.425000000000000000e+01 7.638801213334681428e+00
3.290000000000000036e+00 2.435000000000000142e+01 0.000000000000000000e+00
3.290000000000000036e+00 2.444999999999999929e+01 0.000000000000000000e+00
3.290000000000000036e+00 2.455000000000000071e+01 0.000000000000000000e+00
3.290000000000000036e+00 2.464999999999999858e+01 0.000000000000000000e+00
3.290000000000000036e+00 2.475000000000000000e+01 0.000000000000000000e+00
3.290000000000000036e+00 2.485000000000000142e+01 0.000000000000000000e+00
3.290000000000000036e+00 2.494999999999999929e+01 0.000000000000000000e+00
3.290000000000000036e+00 2.505000000000000071e+01 0.000000000000000000e+00
3.290000000000000036e+00 2.514999999999999858e+01 0.000000000000000000e+00
3.290000000000000036e+00 2.525000000000000000e+01 0.000000000000000000e+00
3.290000000000000036e+00 2.535000000000000142e+01 0.000000000000000000e+00
3.290000000000000036e+00 2.544999999999999929e+01 0.000000000000000000e+00
3.290000000000000036e+00 2.555000000000000071e+01 0.000000000000000000e+00
3.290000000000000036e+00 2.564999999999999858e+01 0.000000000000000000e+00
3.290000000000000036e+00 2.575000000000000000e+01 0.000000000000000000e+00
3.290000000000000036e+00 2.585000000000000142e+01 0.000000000000000000e+00
3.290000000000000036e+00 2.594999999999999929e+01 0.000000000000000000e+00
3.290000000000000036e+00 2.605000000000000071e+01 0.000000000000000000e+00
3.290000000000000036e+00 2.614999999999999858e+01 0.000000000000000000e+00
3.290000000000000036e+00 2.625000000000000000e+01 0.000000000000000000e+00
3.290000000000000036e+00 2.635000000000000142e+01 0.000000000000000000e+00
3.290000000000000036e+00 2.644999999999999929e+01 0.000000000000000000e+00
3.290000000000000036e+00 2.655000000000000071e+01 0.000000000000000000e+00
3.290000000000000036e+00 2.664999999999999858e+01 0.000000000000000000e+00
3.290000000000000036e+00 2.675000000000000000e+01 0.000000000000000000e+00
