2.379999999999999893e+00 2.175000000000000000e+01 0.000000000000000000e+00
2.379999999999999893e+00 2.185000000000000142e+01 1.055388580428658390e-05
2.379999999999999893e+00 2.194999999999999929e+01 1.295399418269914176e-04
2.379999999999999893e+00 2.205000000000000071e+01 9.951858346060773845e-04
2.379999999999999893e+00 2.214999999999999858e+01 5.000487874058647149e-03
2.379999999999999893e+00 2.225000000000000000e+01 1.666775088921837802e-02
2.379999999999999893e+00 2.235000000000000142e+01 3.771353180168818958e-02
2.379999999999999893e+00 2.244999999999999929e+01 6.023817780922522541e-02
2.379999999999999893e+00 2.255000000000000071e+01 7.279640641544528334e-02
2.379999999999999893e+00 2.264999999999999858e+01 7.503560944833433111e-02
2.379999999999999893e+00 2.275000000000000000e+01 7.888137549362216061e-02
2.379999999999999893e+00 2.285000000000000142e+01 9.601818066706892252e-02
2.379999999999999893e+00 2.294999999999999929e+01 1.263608016899099018e-01
2.379999999999999893e+00 2.305000000000000071e+01 1.613617777270848763e-01
2.379999999999999893e+00 2.314999999999999858e+01 1.966930611202606372e-01
2.379999999999999893e+00 2.325000000000000000e+01 2.336858034190902600e-01
2.379999999999999893e+00 2.335000000000000142e+01 2.768513701737692623e-01
2.379999999999999893e+00 2.344999999999999929e+01 3.343490205100400625e-01
2.379999999999999893e+00 2.355000000000000071e+01 4.149977566356706227e-01
2.379999999999999893e+00 2.364999999999999858e+01 5.235625172113563819e-01
2.379999999999999893e+00 2.375000000000000000e+01 6.497282164974315100e-01
2.379999999999999893e+00 2.385000000000000142e+01 7.630442167132620579e-01
2.379999999999999893e+00 2.394999999999999929e+01 8.267680718374548210e-01
2.379999999999999893e+00 2.405000000000000071e+01 8.169574077865338069e-01
2.379999999999999893e+00 2.414999999999999858e+01 7.405601090942972586e-01
2.379999999999999893e+00 2.425000000000000000e+01 6.272719999238759447e-01
2.379999999999999893e+00 2.435000000000000142e+01 0.000000000000000000e+00
2.379999999999999893e+00 2.444999999999999929e+01 0.000000000000000000e+00
2.379999999999999893e+00 2.455000000000000071e+01 0.000000000000000000e+00
2.379999999999999893e+00 2.464999999999999858e+01 0.000000000000000000e+00
2.379999999999999893e+00 2.475000000000000000e+01 0.000000000000000000e+00
2.379999999999999893e+00 2.485000000000000142e+01 0.000000000000000000e+00
2.379999999999999893e+00 2.494999999999999929e+01 0.000000000000000000e+00
2.379999999999999893e+00 2.505000000000000071e+01 0.000000000000000000e+00
2.379999999999999893e+00 2.514999999999999858e+01 0.000000000000000000e+00
2.379999999999999893e+00 2.525000000000000000e+01 0.000000000000000000e+00
2.379999999999999893e+00 2.535000000000000142e+01 0.000000000000000000e+00
2.379999999999999893e+00 2.544999999999999929e+01 0.000000000000000000e+00
2.379999999999999893e+00 2.555000000000000071e+01 0.000000000000000000e+00
2.379999999999999893e+00 2.564999999999999858e+01 0.000000000000000000e+00
2.379999999999999893e+00 2.575000000000000000e+01 0.000000000000000000e+00
2.379999999999999893e+00 2.585000000000000142e+01 0.000000000000000000e+00
2.379999999999999893e+00 2.594999999999999929e+01 0.000000000000000000e+00
2.379999999999999893e+00 2.605000000000000071e+01 0.000000000000000000e+00
2.379999999999999893e+00 2.614999999999999858e+01 0.000000000000000000e+00
2.379999999999999893e+00 2.625000000000000000e+01 0.000000000000000000e+00
2.379999999999999893e+00 2.635000000000000142e+01 0.000000000000000000e+00
2.379999999999999893e+00 2.644999999999999929e+01 0.000000000000000000e+00
2.379999999999999893e+00 2.655000000000000071e+01 0.000000000000000000e+00
2.379999999999999893e+00 2.664999999999999858e+01 0.000000000000000000e+00
2.379999999999999893e+00 2.675000000000000000e+01 0.000000000000000000e+00
2.600000000000000089e+00 2.175000000000000000e+01 5.736565363009083623e-02
2.600000000000000089e+00 2.185000000000000142e+01 3.870178152365476298e-02
2.600000000000000089e+00 2.194999999999999929e+01 1.852713207622760580e-02
2.600000000000000089e+00 2.205000000000000071e+01 1.355589032643373520e-02
2.600000000000000089e+00 2.214999999999999858e+01 4.100213647670546829e-02
2.600000000000000089e+00 2.225000000000000000e+01 1.242904001617701343e-01
2.600000000000000089e+00 2.235000000000000142e+01 2.526316869675112597e-01
2.600000000000000089e+00 2.244999999999999929e+01 3.459996728959637280e-01
2.600000000000000089e+00 2.255000000000000071e+01 3.429007243240028702e-01
2.600000000000000089e+00 2.264999999999999858e+01 2.956194572712830260e-01
2.600000000000000089e+00 2.275000000000000000e+01 3.000279128096495773e-01
2.600000000000000089e+00 2.285000000000000142e+01 4.011801755947265735e-01
2.600000000000000089e+00 2.294999999999999929e+01 6.016459408028633771e-01
2.600000000000000089e+00 2.305000000000000071e+01 8.763229970864067075e-01
2.600000000000000089e+00 2.314999999999999858e+01 1.172436260314566381e+00
2.600000000000000089e+00 2.325000000000000000e+01 1.482909065877859867e+00
2.600000000000000089e+00 2.335000000000000142e+01 1.883110602169660197e+00
2.600000000000000089e+00 2.344999999999999929e+01 2.424217957504290144e+00
2.600000000000000089e+00 2.355000000000000071e+01 3.074813311232889035e+00
2.600000000000000089e+00 2.364999999999999858e+01 3.764841411907785318e+00
2.600000000000000089e+00 2.375000000000000000e+01 4.425821286466673499e+00
2.600000000000000089e+00 2.385000000000000142e+01 5.026310861260038898e+00
2.600000000000000089e+00 2.394999999999999929e+01 5.494406866270932888e+00
2.600000000000000089e+00 2.405000000000000071e+01 5.618249964710108735e+00
2.600000000000000089e+00 2.414999999999999858e+01 5.240389654523576191e+00
2.600000000000000089e+00 2.425000000000000000e+01 4.457677669146233868e+00
2.600000000000000089e+00 2.435000000000000142e+01 0.000000000000000000e+00
2.600000000000000089e+00 2.444999999999999929e+01 0.000000000000000000e+00
2.600000000000000089e+00 2.455000000000000071e+01 0.000000000000000000e+00
2.600000000000000089e+00 2.464999999999999858e+01 0.000000000000000000e+00
2.600000000000000089e+00 2.475000000000000000e+01 0.000000000000000000e+00
2.600000000000000089e+00 2.485000000000000142e+01 0.000000000000000000e+00
2.600000000000000089e+00 2.494999999999999929e+01 0.000000000000000000e+00
2.600000000000000089e+00 2.505000000000000071e+01 0.000000000000000000e+00
2.600000000000000089e+00 2.514999999999999858e+01 0.000000000000000000e+00
2.600000000000000089e+00 2.525000000000000000e+01 0.000000000000000000e+00
2.600000000000000089e+00 2.535000000000000142e+01 0.000000000000000000e+00
2.600000000000000089e+00 2.544999999999999929e+01 0.000000000000000000e+00
2.600000000000000089e+00 2.555000000000000071e+01 0.000000000000000000e+00
2.600000000000000089e+00 2.564999999999999858e+01 0.000000000000000000e+00
2.600000000000000089e+00 2.575000000000000000e+01 0.000000000000000000e+00
2.600000000000000089e+00 2.585000000000000142e+01 0.000000000000000000e+00
2.600000000000000089e+00 2.594999999999999929e+01 0.000000000000000000e+00
2.600000000000000089e+00 2.605000000000000071e+01 0.000000000000000000e+00
2.600000000000000089e+00 2.614999999999999858e+01 0.000000000000000000e+00
2.600000000000000089e+00 2.625000000000000000e+01 0.000000000000000000e+00
2.600000000000000089e+00 2.635000000000000142e+01 0.000000000000000000e+00
2.600000000000000089e+00 2.644999999999999929e+01 0.000000000000000000e+00
2.600000000000000089e+00 2.655000000000000071e+01 0.000000000000000000e+00
2.600000000000000089e+00 2.664999999999999858e+01 0.000000000000000000e+00
2.600000000000000089e+00 2.675000000000000000e+01 0.000000000000000000e+00
2.830000000000000071e+00 2.175000000000000000e+01 1.587701907148707277e-05
2.830000000000000071e+00 2.185000000000000142e+01 4.370006795503629722e-04
2.830000000000000071e+00 2.194999999999999929e+01 4.295342942326045056e-03
2.830000000000000071e+00 2.205000000000000071e+01 2.826728724267127055e-02
2.830000000000000071e+00 2.214999999999999858e+01 1.238895890574510106e-01
2.830000000000000071e+00 2.225000000000000000e+01 3.602734374602551415e-01
2.830000000000000071e+00 2.235000000000000142e+01 6.971139528065313229e-01
2.830000000000000071e+00 2.244999999999999929e+01 9.165818350310039886e-01
2.830000000000000071e+00 2.255000000000000071e+01 8.795979036098275916e-01
2.830000000000000071e+00 2.264999999999999858e+01 7.509389878807201102e-01
2.830000000000000071e+00 2.275000000000000000e+01 7.908361921729549771e-01
2.830000000000000071e+00 2.285000000000000142e+01 1.120473138898136822e+00
2.830000000000000071e+00 2.294999999999999929e+01 1.728614394968954748e+00
2.830000000000000071e+00 2.305000000000000071e+01 2.566399970399519948e+00
2.830000000000000071e+00 2.314999999999999858e+01 3.663512329567310211e+00
2.830000000000000071e+00 2.325000000000000000e+01 5.104608279016860095e+00
2.830000000000000071e+00 2.335000000000000142e+01 6.844445291041797219e+00
2.830000000000000071e+00 2.344999999999999929e+01 8.687328561201555388e+00
2.830000000000000071e+00 2.355000000000000071e+01 1.050380241507138201e+01
2.830000000000000071e+00 2.364999999999999858e+01 1.235044359119481427e+01
2.830000000000000071e+00 2.375000000000000000e+01 1.434785037577973021e+01
2.830000000000000071e+00 2.385000000000000142e+01 1.639162883630687872e+01
2.830000000000000071e+00 2.394999999999999929e+01 1.787591141465822986e+01
2.830000000000000071e+00 2.405000000000000071e+01 1.795243770105500047e+01
2.830000000000000071e+00 2.414999999999999858e+01 1.640275992948128092e+01
2.830000000000000071e+00 2.425000000000000000e+01 1.393564122746706069e+01
2.830000000000000071e+00 2.435000000000000142e+01 0.000000000000000000e+00
2.830000000000000071e+00 2.444999999999999929e+01 0.000000000000000000e+00
2.830000000000000071e+00 2.455000000000000071e+01 0.000000000000000000e+00
2.830000000000000071e+00 2.464999999999999858e+01 0.000000000000000000e+00
2.830000000000000071e+00 2.475000000000000000e+01 0.000000000000000000e+00
2.830000000000000071e+00 2.485000000000000142e+01 0.000000000000000000e+00
2.830000000000000071e+00 2.494999999999999929e+01 0.000000000000000000e+00
2.830000000000000071e+00 2.505000000000000071e+01 0.000000000000000000e+00
2.830000000000000071e+00 2.514999999999999858e+01 0.000000000000000000e+00
2.830000000000000071e+00 2.525000000000000000e+01 0.000000000000000000e+00
2.830000000000000071e+00 2.535000000000000142e+01 0.000000000000000000e+00
2.830000000000000071e+00 2.544999999999999929e+01 0.000000000000000000e+00
2.830000000000000071e+00 2.555000000000000071e+01 0.000000000000000000e+00
2.830000000000000071e+00 2.564999999999999858e+01 0.000000000000000000e+00
2.830000000000000071e+00 2.575000000000000000e+01 0.000000000000000000e+00
2.830000000000000071e+00 2.585000000000000142e+01 0.000000000000000000e+00
2.830000000000000071e+00 2.594999999999999929e+01 0.000000000000000000e+00
2.830000000000000071e+00 2.605000000000000071e+01 0.000000000000000000e+00
2.830000000000000071e+00 2.614999999999999858e+01 0.000000000000000000e+00
2.830000000000000071e+00 2.625000000000000000e+01 0.000000000000000000e+00
2.830000000000000071e+00 2.635000000000000142e+01 0.000000000000000000e+00
2.830000000000000071e+00 2.644999999999999929e+01 0.000000000000000000e+00
2.830000000000000071e+00 2.655000000000000071e+01 0.000000000000000000e+00
2.830000000000000071e+00 2.664999999999999858e+01 0.000000000000000000e+00
2.830000000000000071e+00 2.675000000000000000e+01 0.000000000000000000e+00
3.069999999999999840e+00 2.175000000000000000e+01 1.161872216692567188e-05
3.069999999999999840e+00 2.185000000000000142e+01 3.662696703113710924e-04
3.069999999999999840e+00 2.194999999999999929e+01 3.690511028798234682e-03
3.069999999999999840e+00 2.205000000000000071e+01 2.475396186498235104e-02
3.069999999999999840e+00 2.214999999999999858e+01 1.101326053321091819e-01
3.069999999999999840e+00 2.225000000000000000e+01 3.233100871253896669e-01
3.069999999999999840e+00 2.235000000000000142e+01 6.259770867975739117e-01
3.069999999999999840e+00 2.244999999999999929e+01 8.089350707532999563e-01
3.069999999999999840e+00 2.255000000000000071e+01 7.366442882959388649e-01
3.069999999999999840e+00 2.264999999999999858e+01 5.782694152144500777e-01
3.069999999999999840e+00 2.275000000000000000e+01 5.960725270586293423e-01
3.069999999999999840e+00 2.285000000000000142e+01 8.774298690312732907e-01
3.069999999999999840e+00 2.294999999999999929e+01 1.359544644522569623e+00
3.069999999999999840e+00 2.305000000000000071e+01 1.986694085168176915e+00
3.069999999999999840e+00 2.314999999999999858e+01 2.823221293594841086e+00
3.069999999999999840e+00 2.325000000000000000e+01 3.985909605069438477e+00
3.069999999999999840e+00 2.335000000000000142e+01 5.485473830853849542e+00
3.069999999999999840e+00 2.344999999999999929e+01 7.278204628371173435e+00
3.069999999999999840e+00 2.355000000000000071e+01 9.391422288490165471e+00
3.069999999999999840e+00 2.364999999999999858e+01 1.174995509789101611e+01
3.069999999999999840e+00 2.375000000000000000e+01 1.406633394896949341e+01
3.069999999999999840e+00 2.385000000000000142e+01 1.607944286634092634e+01
3.069999999999999840e+00 2.394999999999999929e+01 1.755109607445698217e+01
3.069999999999999840e+00 2.405000000000000071e+01 1.802853985194893127e+01
3.069999999999999840e+00 2.414999999999999858e+01 1.705147668149895424e+01
3.069999999999999840e+00 2.425000000000000000e+01 1.472025200186613247e+01
3.069999999999999840e+00 2.435000000000000142e+01 0.000000000000000000e+00
3.069999999999999840e+00 2.444999999999999929e+01 0.000000000000000000e+00
3.069999999999999840e+00 2.455000000000000071e+01 0.000000000000000000e+00
3.069999999999999840e+00 2.464999999999999858e+01 0.000000000000000000e+00
3.069999999999999840e+00 2.475000000000000000e+01 0.000000000000000000e+00
3.069999999999999840e+00 2.485000000000000142e+01 0.000000000000000000e+00
3.069999999999999840e+00 2.494999999999999929e+01 0.000000000000000000e+00
3.069999999999999840e+00 2.505000000000000071e+01 0.000000000000000000e+00
3.069999999999999840e+00 2.514999999999999858e+01 0.000000000000000000e+00
3.069999999999999840e+00 2.525000000000000000e+01 0.000000000000000000e+00
3.069999999999999840e+00 2.535000000000000142e+01 0.000000000000000000e+00
3.069999999999999840e+00 2.544999999999999929e+01 0.000000000000000000e+00
3.069999999999999840e+00 2.555000000000000071e+01 0.000000000000000000e+00
3.069999999999999840e+00 2.564999999999999858e+01 0.000000000000000000e+00
3.069999999999999840e+00 2.575000000000000000e+01 0.000000000000000000e+00
3.069999999999999840e+00 2.585000000000000142e+01 0.000000000000000000e+00
3.069999999999999840e+00 2.594999999999999929e+01 0.000000000000000000e+00
3.069999999999999840e+00 2.605000000000000071e+01 0.000000000000000000e+00
3.069999999999999840e+00 2.614999999999999858e+01 0.000000000000000000e+00
3.069999999999999840e+00 2.625000000000000000e+01 0.000000000000000000e+00
3.069999999999999840e+00 2.635000000000000142e+01 0.000000000000000000e+00
3.069999999999999840e+00 2.644999999999999929e+01 0.000000000000000000e+00
3.069999999999999840e+00 2.655000000000000071e+01 0.000000000000000000e+00
3.069999999999999840e+00 2.664999999999999858e+01 0.000000000000000000e+00
3.069999999999999840e+00 2.675000000000000000e+01 0.000000000000000000e+00
3.290000000000000036e+00 2.175000000000000000e+01 0.000000000000000000e+00
3.290000000000000036e+00 2.185000000000000142e+01 5.987500857992346587e-05
3.290000000000000036e+00 2.194999999999999929e+01 6.959958284900899343e-04
3.290000000000000036e+00 2.205000000000000071e+01 5.173498655401964803e-03
3.290000000000000036e+00 2.214999999999999858e+01 2.475211835205937128e-02
3.290000000000000036e+00 2.225000000000000000e+01 7.653965886377619987e-02
3.290000000000000036e+00 2.235000000000000142e+01 1.545593439084312071e-01
3.290000000000000036e+00 2.244999999999999929e+01 2.100903832290028084e-01
3.290000000000000036e+00 2.255000000000000071e+01 2.106835262019292332e-01
3.290000000000000036e+00 2.264999999999999858e+01 1.938752462781603847e-01
3.290000000000000036e+00 2.275000000000000000e+01 2.055534436916460483e-01
3.290000000000000036e+00 2.285000000000000142e+01 2.440792294981763699e-01
3.290000000000000036e+00 2.294999999999999929e+01 2.968315651475507688e-01
3.290000000000000036e+00 2.305000000000000071e+01 3.704574631380909144e-01
3.290000000000000036e+00 2.314999999999999858e+01 4.840158064454417319e-01
3.290000000000000036e+00 2.325000000000000000e+01 6.624384875129334382e-01
3.290000000000000036e+00 2.335000000000000142e+01 9.228149088786578025e-01
3.290000000000000036e+00 2.344999999999999929e+01 1.268818548998561058e+00
3.290000000000000036e+00 2.355000000000000071e+01 1.680241972321461885e+00
3.290000000000000036e+00 2.364999999999999858e+01 2.081091372079278745e+00
3.290000000000000036e+00 2.375000000000000000e+01 2.382525596072619933e+00
3.290000000000000036e+00 2.385000000000000142e+01 2.574760023745549020e+00
3.290000000000000036e+00 2.394999999999999929e+01 2.702175679763537453e+00
3.290000000000000036e+00 2.405000000000000071e+01 2.768773442174592425e+00
3.290000000000000036e+00 2.414999999999999858e+01 2.731943535019945912e+00
3.290000000000000036e+00 2.425000000000000000e+01 2.565148803504795350e+00
3.290000000000000036e+00 2.435000000000000142e+01 0.000000000000000000e+00
3.290000000000000036e+00 2.444999999999999929e+01 0.000000000000000000e+00
3.290000000000000036e+00 2.455000000000000071e+01 0.000000000000000000e+00
3.290000000000000036e+00 2.464999999999999858e+01 0.000000000000000000e+00
3.290000000000000036e+00 2.475000000000000000e+01 0.000000000000000000e+00
3.290000000000000036e+00 2.485000000000000142e+01 0.000000000000000000e+00
3.290000000000000036e+00 2.494999999999999929e+01 0.000000000000000000e+00
3.290000000000000036e+00 2.505000000000000071e+01 0.000000000000000000e+00
3.290000000000000036e+00 2.514999999999999858e+01 0.000000000000000000e+00
3.290000000000000036e+00 2.525000000000000000e+01 0.000000000000000000e+00
3.290000000000000036e+00 2.535000000000000142e+01 0.000000000000000000e+00
3.290000000000000036e+00 2.544999999999999929e+01 0.000000000000000000e+00
3.290000000000000036e+00 2.555000000000000071e+01 0.000000000000000000e+00
3.290000000000000036e+00 2.564999999999999858e+01 0.000000000000000000e+00
3.290000000000000036e+00 2.575000000000000000e+01 0.000000000000000000e+00
3.290000000000000036e+00 2.585000000000000142e+01 0.000000000000000000e+00
3.290000000000000036e+00 2.594999999999999929e+01 0.000000000000000000e+00
3.290000000000000036e+00 2.605000000000000071e+01 0.000000000000000000e+00
3.290000000000000036e+00 2.614999999999999858e+01 0.000000000000000000e+00
3.290000000000000036e+00 2.625000000000000000e+01 0.000000000000000000e+00
3.290000000000000036e+00 2.635000000000000142e+01 0.000000000000000000e+00
3.290000000000000036e+00 2.644999999999999929e+01 0.000000000000000000e+00
3.290000000000000036e+00 2.655000000000000071e+01 0.000000000000000000e+00
3.290000000000000036e+00 2.664999999999999858e+01 0.000000000000000000e+00
3.290000000000000036e+00 2.675000000000000000e+01 0.000000000000000000e+00
